nb
*NB*
Accuracy: 0.777416615551
Precision: 0.391421027475
Recall: 0.358487945403
F1-score: 0.374218233254
STDev: 0.00962234862389
Time: 50.8557658195

