slp
*SLP3*
Accuracy: 0.787694886585
Precision: 0.432150649407
Recall: 0.418176376389
F1-score: 0.424898679843
STDev: 0.0139885147316
Time: 400.207762957

