knn
*KNN9*
Accuracy: 0.769863183167
Precision: 0.356781070687
Recall: 0.259157935111
F1-score: 0.300119866758
STDev: 0.00842983771106
Time: 30477.787353

