knn
*KNN9*
Accuracy: 0.789886967329
Precision: 0.341304353087
Recall: 0.333780742629
F1-score: 0.337422213149
STDev: 0.0138368478016
Time: 4685.69340491

