slp
*SLP3*
Accuracy: 0.80735716231
Precision: 0.379321380563
Recall: 0.378206936332
F1-score: 0.378703513991
STDev: 0.00765144499987
Time: 65.6937708855

