nb
*NB*
Accuracy: 0.825749625636
Precision: 0.404311508175
Recall: 0.396048219536
F1-score: 0.400129427851
STDev: 0.0102248075813
Time: 8.31863307953

