svm
*SVM*
Accuracy: 0.793802106708
Precision: 0.114666666667
Recall: 0.2
F1-score: 0.145756648782
STDev: 0.00131108631732
Time: 3383.27930093

