knn
*KNN9*
Accuracy: 0.714786278357
Precision: 0.286576107386
Recall: 0.283746012416
F1-score: 0.285125625261
STDev: 0.0102764401954
Time: 5057.48422194

