nb
*NB*
Accuracy: 0.753247209087
Precision: 0.336117351607
Recall: 0.328679791357
F1-score: 0.332344477966
STDev: 0.010015647484
Time: 8.04390692711

