slp
*SLP3*
Accuracy: 0.943524415337
Precision: 0.917301784998
Recall: 0.916738533171
F1-score: 0.917019736038
STDev: 0.00708796942637
Time: 164.455505133

