knn
*KNN9*
Accuracy: 0.856037602197
Precision: 0.801165769179
Recall: 0.797897323942
F1-score: 0.799526874481
STDev: 0.00711044077589
Time: 29485.002934

