nb
*NB*
Accuracy: 0.820234654401
Precision: 0.811224792782
Recall: 0.751286044449
F1-score: 0.780097225736
STDev: 0.00575035973655
Time: 46.0865151882

